09 10 00 0128
1 1 1 1 1 1 1 1 1 1 1
03 03 03 03 03 03 03 03 03
03 22 22 22 22 22 22 22 03
03 22 22 22 22 22 22 22 03
03 01 01 01 01 01 01 01 03
03 01 01 01 01 01 01 01 03
03 01 01 01 01 01 01 01 03
03 03 01 01 01 03 03 03 03
00 03 01 01 01 03 00 00 00
00 03 01 01 01 03 00 00 00
00 03 03 34 03 03 00 00 00
00 00
14
01 01
02 01
03 01
04 01
05 01
06 01
07 01
01 02
02 02
03 02
04 02
05 02
06 02
07 02
14
01
01 01
01 01 10
01
02 01
02 01 11
01
03 01
03 01 10
01
04 01
04 01 11
01
05 01
03 05 35
01
06 01
06 01 11
01
07 01
07 01 10
01
01 02
01 02 11
01
02 02
02 02 10
01
03 02
03 02 11
01
04 02
04 02 10
01
05 02
05 02 11
01
06 02
06 02 10
01
07 02
07 02 11
00