35 27 00 1024
1 1 1 1 1 1 1 1 1 1 1
00 00 00 00 00 00 00 00 00 00 00 00 00 00 00 00 01 01 01 01 01 00 00 00 00 00 00 00 00 00 00 00 00 00 00
00 00 00 00 00 00 00 00 00 00 00 00 00 00 00 00 01 03 03 03 01 00 00 00 00 00 00 00 00 00 00 00 00 00 00
00 00 00 00 00 00 00 00 00 00 00 00 00 00 00 00 01 03 35 03 01 00 00 00 00 00 00 00 00 00 00 00 00 00 00
00 00 00 00 00 00 00 00 00 00 00 00 00 00 00 00 01 03 03 03 01 00 00 00 00 00 00 00 00 00 00 00 00 00 00
00 00 00 00 00 00 00 00 00 00 00 00 00 00 00 00 01 01 01 01 01 00 00 00 00 00 00 00 00 00 00 00 00 00 00
00 00 00 00 00 00 00 00 00 00 00 00 00 00 00 00 00 00 00 00 00 00 00 00 00 00 00 00 00 00 00 00 00 00 00
00 00 00 00 00 00 00 00 00 00 00 00 00 00 00 00 00 00 00 00 00 00 00 00 00 00 00 00 00 00 00 00 00 00 00
00 00 00 00 00 00 00 00 00 00 00 00 00 00 00 00 00 00 00 00 00 00 00 00 00 00 00 00 00 00 00 00 00 00 00
00 00 00 00 00 00 00 00 00 00 00 00 00 00 00 00 00 00 00 00 00 00 00 00 00 00 00 00 00 00 00 00 00 00 00
00 00 00 00 00 00 00 00 00 00 00 00 00 00 00 00 00 00 00 00 00 00 00 00 00 00 00 00 00 00 00 00 00 00 00
00 00 00 00 00 00 00 00 00 00 00 00 00 00 00 00 00 00 00 00 00 00 00 00 00 00 00 00 00 00 00 00 00 00 00
00 00 00 00 00 00 00 00 00 00 00 00 00 00 00 00 00 00 00 00 00 00 00 00 00 00 00 00 00 00 00 00 00 00 00
00 00 00 00 00 00 00 00 00 00 00 00 00 00 00 00 00 00 00 00 00 00 00 00 00 00 00 00 00 00 00 00 00 00 00
00 00 00 00 00 00 00 00 00 00 00 00 00 00 00 00 00 00 00 00 00 00 00 00 00 00 00 00 00 00 00 00 00 00 00
00 00 00 00 00 00 00 00 00 00 00 00 00 00 00 00 00 00 00 00 00 00 00 00 00 00 00 00 00 00 00 00 00 00 00
00 00 00 00 00 00 00 00 00 00 00 00 00 00 00 00 00 00 00 00 00 00 00 00 00 00 00 00 00 00 00 00 00 00 00
00 00 00 00 00 00 00 00 00 00 00 00 00 00 00 00 00 00 00 00 00 00 00 00 00 00 00 00 00 00 00 00 00 00 00
00 00 00 00 00 00 00 00 00 00 00 00 00 00 00 00 00 00 00 00 00 00 00 00 00 00 00 00 00 00 00 00 00 00 00
00 00 00 00 00 00 00 00 00 00 00 00 00 00 00 00 00 00 00 00 00 00 00 00 00 00 00 00 00 00 00 00 00 00 00
00 00 00 00 00 00 00 00 00 00 00 00 00 00 00 00 00 00 00 00 00 00 00 00 00 00 00 00 00 00 00 00 00 00 00
00 00 00 00 00 00 00 00 00 00 00 00 00 00 00 00 00 00 00 00 00 00 00 00 00 01 01 01 01 22 00 00 00 00 00
00 00 00 00 00 00 00 00 00 00 00 00 00 00 00 00 00 00 00 00 00 00 00 00 00 01 01 01 01 01 00 00 00 00 00
00 00 00 00 00 00 00 00 00 00 00 01 01 01 01 22 00 00 00 00 00 00 00 00 00 01 01 01 01 01 00 00 00 00 00
00 00 00 00 00 00 00 00 00 00 00 01 01 01 01 01 00 00 00 00 00 00 00 00 00 22 01 01 01 01 00 00 00 00 00
00 00 00 00 00 00 00 00 00 00 00 01 01 01 01 01 00 00 00 00 00 00 00 00 00 00 00 00 00 00 00 00 00 00 00
00 00 00 00 00 00 00 00 00 00 00 01 01 01 01 01 00 00 00 40 27 34 27 40 00 00 00 00 00 00 00 00 00 00 00
00 00 00 00 00 00 00 00 00 00 00 22 01 01 01 01 00 00 00 00 00 00 00 00 00 00 00 00 00 00 00 00 00 00 00
00 05
19 25
15 23
23 25
27 23
13 18
14 10
19 14
22 25
16 10
20 25
00
10
25
11 26
10 24 16
09 24 10
08 24 16
07 24 16
06 24 16
06 23 01
06 22 01
06 21 01
06 20 01
07 20 16
08 20 16
08 19 01
08 18 01
08 17 01
06 19 01
06 18 01
06 17 01
06 16 01
06 15 01
06 14 01
05 14 01
04 14 01
03 14 01
02 14 01
01 14 22
20
15 22
12 21 02
12 20 03
13 20 04
14 20 05
15 20 03
16 20 05
16 19 03
16 18 05
16 17 03
16 16 05
16 15 04
15 15 03
14 15 02
13 15 01
13 14 01
12 14 01
11 14 01
10 14 01
09 14 01
08 14 22
05
01 14
09 18 28
10 18 28
11 18 28
12 18 10
13 18 40
25
08 14
12 10 01
13 10 10
14 10 01
15 10 10
16 10 01
12 09 10
13 09 01
14 09 10
15 09 01
16 09 10
12 08 01
13 08 10
14 08 01
15 08 10
16 08 01
12 07 10
13 07 01
14 07 10
15 07 01
16 07 10
12 06 01
13 06 10
14 06 01
15 06 10
16 06 22
09
16 06
16 10 40
17 03 01
18 03 01
19 03 01
19 02 01
19 01 01
18 01 01
17 01 01
17 02 01
17
25 23
24 21 13
23 21 13
22 21 12
22 20 12
22 19 12
22 18 12
22 17 13
23 17 13
24 17 15
24 16 15
24 15 15
24 14 13
23 14 13
22 14 13
21 14 13
20 14 13
19 14 40
58
29 20
27 19 01
27 18 01
27 17 01
27 16 01
27 15 01
28 15 01
29 15 01
30 15 01
31 15 01
32 15 01
32 16 01
32 17 01
32 18 01
32 19 01
32 20 01
33 20 01
34 20 01
34 19 01
34 18 01
34 17 01
34 16 01
34 15 01
34 14 01
34 13 01
33 13 01
32 13 01
31 13 01
30 13 01
29 13 01
28 13 01
27 13 01
26 13 01
26 12 01
24 11 03
25 11 03
26 11 01
27 11 03
28 11 03
24 10 03
25 10 01
26 10 01
27 10 01
28 10 03
24 09 03
25 09 01
26 09 01
27 09 01
28 09 03
24 08 03
25 08 22
26 08 22
27 08 22
28 08 03
24 07 03
25 07 03
26 07 03
27 07 03
28 07 03
11
25 08
24 09 01
23 09 01
22 09 01
21 09 01
20 09 01
19 09 01
18 09 01
18 08 01
18 07 01
18 06 01
18 05 01
01
26 08
26 08 10
27 08 10
00