07 07 02 0064
1 1 1 1 1 1 1 1 1 1 1
00 00 00 00 00 00 00
00 00 00 00 00 00 00
00 00 01 01 22 00 00
00 00 01 34 00 00 00
00 00 00 00 00 00 00
00 00 00 00 00 00 00
00 00 00 00 00 00 00
00 00
00
04
08
04 02
04 03 01
04 04 01
03 04 01
02 04 01
01 04 01
01 03 01
01 02 01
01 01 22
08
01 01
02 01 01
03 01 01
04 01 01
05 01 01
05 02 01
05 03 01
05 04 01
05 05 22
10
05 05
04 05 01
03 05 01
02 05 01
01 05 01
00 05 01
00 04 01
00 03 01
00 02 01
00 01 01
00 00 22
18
00 00
01 00 01
02 00 01
03 00 01
04 00 01
05 00 01
06 00 01
06 01 01
06 02 01
06 03 01
06 04 01
06 05 01
06 06 01
05 06 01
04 06 01
03 06 01
02 06 01
01 06 01
00 06 35