03 07 00 1024
1 1 1 1 1 1 1 1 1 1 1
00 35 00
32 32 32
32 32 32
32 32 32
32 32 32
22 22 22
00 34 00
01 00
01
01 01
01 00
01
01 00
14
03
01 05
02 04 22
00 02 22
02 01 22
03
02 05
01 04 22
02 04 32
02 03 22
03
00 05
00 04 22
02 04 22
02 03 32
03
02 04
00 02 32
01 02 22
02 03 22
04
00 04
01 03 22
02 03 32
00 01 22
02 01 32
03
01 04
00 03 22
02 03 22
01 02 32
02
01 03
01 02 22
02 01 22
05
02 03
00 02 22
01 02 32
00 01 32
01 01 22
02 01 32
03
00 03
01 02 22
01 01 32
02 02 22
02
00 02
02 02 32
02 01 22
04
01 02
00 02 32
00 01 22
02 01 32
02 02 22
02
02 02
00 02 22
02 01 22
01
00 01
01 01 22
01
02 01
01 01 22