14 33 00 0512
1 1 1 1 1 1 1 1 1 1 1
00 00 00 00 00 00 00 00 00 00 00 00 00 00
00 00 00 00 35 00 00 00 00 00 00 00 00 00
00 00 00 00 22 00 00 00 00 00 00 00 00 00
00 00 00 00 01 00 00 00 00 00 00 00 00 00
00 00 00 00 01 00 00 00 00 00 00 00 00 00
00 00 00 00 00 00 00 00 00 00 00 00 00 00
00 00 00 00 00 00 00 00 00 00 00 00 00 00
00 00 00 00 00 00 00 00 00 00 00 00 00 00
00 00 00 00 00 00 00 00 00 00 00 00 00 00
00 00 00 00 00 00 00 00 00 00 00 00 00 00
00 00 00 00 00 00 00 00 00 00 00 00 00 00
00 00 00 00 00 00 00 00 00 00 00 00 00 00
00 00 00 00 00 00 00 00 00 00 00 00 00 00
00 00 00 00 00 00 00 00 00 00 00 00 00 00
00 00 00 00 00 00 00 00 00 00 00 00 00 00
00 00 00 00 00 00 00 00 00 00 00 00 00 00
00 00 00 00 00 00 00 00 00 00 00 00 00 00
00 41 00 00 00 00 00 00 00 00 00 00 00 00
00 22 00 00 00 00 00 00 00 00 00 00 00 00
00 01 00 00 00 00 00 00 00 00 00 00 00 00
00 27 00 00 00 00 00 00 00 00 00 00 00 00
00 01 00 00 00 00 00 00 00 00 00 00 00 00
00 39 00 00 00 00 00 00 00 00 00 00 00 00
00 01 00 00 00 00 00 00 00 00 00 00 00 00
00 41 11 01 08 01 10 41 05 04 03 02 01 41
00 00 00 00 00 00 00 00 00 00 00 00 00 33
00 00 00 00 00 00 00 00 00 00 00 00 00 31
00 00 00 00 00 00 00 00 00 00 00 00 00 01
00 00 00 41 01 01 01 01 01 01 01 01 01 41
00 00 00 01 00 00 00 00 00 00 00 00 00 00
00 00 00 01 01 00 00 00 00 00 00 00 00 00
00 00 00 00 01 00 00 00 00 00 00 00 00 00
00 00 00 00 34 00 00 00 00 00 00 00 00 00
00 01
00 00
04 04
01
29
00 18
02 17 01
03 17 01
04 17 01
04 16 01
04 15 01
04 14 01
03 14 01
02 14 01
01 14 01
01 13 01
01 12 01
01 11 01
02 11 01
03 11 01
04 11 01
04 10 01
04 09 01
04 08 01
03 08 01
02 08 01
01 08 41
01 07 16
01 06 16
01 05 16
01 04 16
01 03 16
01 02 16
01 01 41
01 00 40